0.3134922599282606,0.46028223166595417
0.5229642598435288,0.5211132796176154
0.5305459878434869,0.369445914648727
0.24310763790625833,0.40884498314682205
0.09425909675502864,0.5581610827515681
0.5376272252601052,0.8236446161715082
0.4148860464143824,0.3954793592323601
0.28001970800629783,0.3314963481705099
0.8858358878758701,0.30573834098309405
0.924251688046559,0.6219133164030396
0.6195975905081598,0.35975434270493534
0.03759449535746284,0.2364679395422623
0.4684526863801861,0.1917407795317163
0.7773048138127092,0.9430067740665002
0.34359724911797074,0.0485414561120634
0.6516399528679061,0.7745040327264092
0.13018976042249364,0.43761252245911186
0.812735819247634,0.32213013881055796
0.25746634037721383,0.2340657704221919
0.021149216791391923,0.5417145151296815
0.9777590961920715,0.2552449859914274
0.39742281355889086,0.653530171581291
0.9302047845633136,0.2646276419260081
0.6895987034374413,0.6151100158499323
0.7431890206566724,0.4748573664454824
0.3096570761088995,0.6693579138152809
0.5648767066482072,0.5353959757445117
0.11254324540320537,0.2155786475165652
0.7963269632760377,0.39665045506499574
0.5508544748783392,0.4975145111808922
0.3306719348937328,0.683195979400622
0.1406918103661179,0.7197846148682824
0.7009028902595694,0.6591172151375191
0.7014250173104757,0.5081397965379472
0.2214124755619835,0.5278943699081953
0.8033753642483015,0.8740284453783604
0.5993531396486125,0.4332896386420525
0.37060154149922453,0.6222773595044443
0.6931262903130584,0.9226702307098374
0.2964261290487753,0.8099490195101028
0.9486094659767058,0.7274541638293162
0.36106271152584557,0.9075053750011299
0.4606201518827351,0.6144786866964207
0.8600900844336428,0.5275777446004637
0.3209854108360649,0.08766701312547664
0.26831661720594413,0.202440749513229
0.2849190201290085,0.6502528407602963
0.7589776108062128,0.9095433481930157
0.12130843534992752,0.6481998698371373
0.6883853840877152,0.6848662875466732
0.7500799434694231,0.6507713911132311
0.001042060511234788,0.15751392977260037
0.23553354871124976,0.5582484074304918
0.21039432653422274,0.8694883946345129
0.7476308535416927,0.6911421971014525
0.9231239529197806,0.47490116549301586
0.6687501370317775,0.30106463244604953
0.715789896153736,0.011087625206235074
0.6329040178893547,0.03756839876679252
0.8906764890681385,0.2249642848028912
0.30151429714945555,0.49809758248760916
0.015401887005538462,0.5045680732866139
0.8172743205685757,0.9454157327519603
0.79693572310068,0.8218408680163372
0.7834536891794407,0.45299048824120414
0.6309169441235775,0.6950181639628519
0.902769232524287,0.4746407875818892
0.1202554157573571,0.16342610973701466
0.9750578070392389,0.488112328717357
0.35337694272807163,0.3867145542819518
0.2604080323827227,0.046916746017216515
0.9313128435034825,0.27109635648211505
0.7154791852884669,0.656137264040453
0.4981441866484332,0.1936162839826353
0.807838101868057,0.29781171048178057
0.020541840866485694,0.1696322754705597
0.38135733797444327,0.6984807544351405
0.9875606251661985,0.8451268929314224
0.7273677200326976,0.7576331712082215
0.9096555216865633,0.49385288797454285
0.3718012044285912,0.11688522743839169
0.944566925948642,0.4221370300561692
0.7975206753186114,0.3013141326539608
0.0922689385239428,0.5821070649467109
0.5147660742936578,0.5187403352727612
0.372594532103542,0.19333327972268388
0.003665736369692363,0.9871256197773888
0.5307530439558745,0.4916380924663656
0.21187838440035833,0.5054231022425162
0.03005119901915443,0.43073950902926195
0.1525786354835521,0.11257396052899771
0.6104033290213879,0.12990210078389197
0.483003119965855,0.003195552207936103
0.6036327048233694,0.5364942093878727
0.6438533273611899,0.4794330244308813
0.12837852403849626,0.03659309180801906
0.8138307753227393,0.14005663469665797
0.26712243276863656,0.8787883348482654
0.6903977558492763,0.514379314816824
0.9528732135755991,0.8283462304894426
0.3828544159836005,0.43808975394831084
0.7270178845293734,0.8310649398774365
0.12777349851692488,0.32245333408473986
0.99518999285844,0.23183633567353623
0.5048002364331502,0.7524228338277267
0.9624781542754408,0.7516964068815548
0.6017029479634287,0.7601717731055563
0.4368869733677121,0.48258168156275405
0.22862034834286382,0.13104288038612488
0.08506055093707765,0.06510778950150087
0.009616166958109185,0.2777388743053425
0.41590037201128693,0.3964763034315232
0.8206260824751387,0.4287276400980914
0.851843820453825,0.5775698875342072
0.5435550745625823,0.5648819135503447
0.2612297289921208,0.6664459381587697
0.34492055704232305,0.007679044074090147
0.6900224652919078,0.64832478348305
0.6899555037471768,0.9136088195069686
0.39789170828655995,0.8827113465412536
0.6687230203151624,0.9007510118044145
0.796849662143518,0.16108348691068153
0.6946434079852111,0.15782837465534372
0.5804273646465131,0.9594615717285803
0.38246208046905583,0.2795120521558133
0.9009939764907016,0.1610281685676479
0.9478726790351624,0.9595056713922205
0.16963831612383162,0.6881183367562737
0.3507135165471327,0.05503500356497659
0.703242343635301,0.40201155202073235
0.23624037400391684,0.5733776730129015
0.06867742223421291,0.8432400438263592
0.4221038820716009,0.9924017088918972
0.1315759662669862,0.6081663831280371
0.14417301760149326,0.5607812726046713
0.5844220910970729,0.7730657265760479
0.028201596854915634,0.9748415954758611
0.7762588051314252,0.5393330974705903
0.5036690935932528,0.8129614148135546
0.010304942423066454,0.8984207300833172
0.9171695371928246,0.014119799180412729
0.05163957292364352,0.9622563775015046
0.4197346123684743,0.6350255209879246
0.3217819361992982,0.47533370004341247
0.41809171766607967,0.9309092799025157
0.8178044036488165,0.1838866516965404
0.18764712421389917,0.32947210556717144
0.8145871921947472,0.5534399768224422
0.6950836679952335,0.7587873966218259
0.8494375502776079,0.0624487068438947
0.414204159582935,0.6100921279871481
0.44658010287424843,0.7473565260766619
0.764536723684744,0.053093284649470385
0.6488889090693373,0.41805828435491577
0.4995800910317535,0.9851918127995083
0.4626336227307687,0.7623341388848873
0.9408123800666718,0.7295502556299526
0.8902821115688364,0.16628748833336215
0.2709753088503677,0.8256938424334721
0.1477499887889414,0.49451733941828513
0.08196678375558963,0.25990704903442496
0.5101949106300865,0.4659946752957519
0.5358786525185372,0.4041842329380203
0.7900963573467688,0.930183612605991
0.49712745044137885,0.39946598032550584
0.6966219644040762,0.3251623443346511
0.507621871468121,0.17999558897133106
0.19893974796282932,0.4627430664513822
0.16252661581659322,0.2309478677382687
0.711461282736837,0.7938185681918589
0.177038940738529,0.1697187567212738
0.45328917608151686,0.6399773640309068
0.664406159723501,0.4940197647908948
0.4622606395725032,0.9915606541496929
0.9284822661270429,0.09017113358235496
0.5761846270096224,0.3395511674023495
0.2533195958513479,0.7819484118688292
0.18604988895208185,0.0512257650194492
0.46384942722729294,0.4214845454914916
0.22957459988613138,0.9491837975604709
0.5694593617725675,0.7669835095627874
0.736616806246418,0.7427725057713438
0.5480505853106786,0.5888833368726961
0.41814747132466146,0.7651902818895312
0.7242171334232479,0.7487103773394833
0.761097398857028,0.01979126656673791
0.07301529920977523,0.7991330590847786
0.6274714728753361,0.655834186968181
0.451438903176158,0.7945538832013831
0.07151164194429671,0.3916361759477208
0.920791846239676,0.6632749501503712
0.6824632684296322,0.7445524975906466
0.41309489555322154,0.6163214261060267
0.21958558730168554,0.7451704318143689
0.820118687563836,0.21561700515488458
0.09563807932356949,0.8379275430790015
0.9288213714299093,0.7404000641432769
0.1300279612786488,0.5250734874753146
0.2225958324856221,0.11703660819468276
0.37318768351583764,0.24759538557330174
0.47926856729957434,0.08448104770299569
0.5897625614251734,0.48441714030299254
0.5413478295131404,0.7265510979147958
0.9246916747945552,0.10252975933006958
0.098157310264123,0.021270529722872245
0.25330641964076117,0.5523695975037449
0.11053275332874057,0.5498832766565531
0.33058217484232244,0.4814492586837097
0.20586268583006362,0.5853830847707299
0.4339820639055121,0.7874091333710979
9.734096909996826e-05,0.6410802110119983
0.2559533761956706,0.9883016026522042
0.9753482693489256,0.33939723726131743
0.31892202532504954,0.17516582756626242
0.18390573018707357,0.3511245700467388
0.9842371762316868,0.7952318534839031
0.4813702162017902,0.8899059009136908
0.5274629753474267,0.01441566610763989
0.24038154277157553,0.8377030845485078
0.4560945403734288,0.432326698461834
0.9077680427119821,0.6948576366708227
0.8255219469785432,0.3114976257089286
0.0551000723044941,0.1485554468522492
0.6012638477695088,0.27057488095803206
0.990150739323455,0.36842013290782416
0.2602278568335771,0.9098516686180758
0.1317920250450776,0.1355969059369908
0.7898825093206224,0.009920052781433153
0.42929374816795274,0.659097676255757
0.04330042386090016,0.5587564266258085
0.6298873707583288,0.6678446846850178
0.30850549691313667,0.5628196070655007
0.22849523452929754,0.2685801214228001
0.9896518158137583,0.5224976383758777
0.24467229384555578,0.6477921602281772
0.6030255077380949,0.19866640043616046
0.3998975557465152,0.789683981977673
0.4803807258163926,0.709570297540689
0.4407660430326079,0.29164742037932
0.9996927742130847,0.6886741513902545
0.49778117156981905,0.05292858968550396
0.47688272166411894,0.9791101663516577
0.1598788355448606,0.1759674630924557
0.8979132447295246,0.464894729301363
0.160132475384424,0.8073898127373772
0.015028325949110632,0.4203852485310763
0.8909562331018935,0.17055210504177987
0.3258715717766405,0.9143992329325559
0.6097452918731215,0.7523999790824243
0.38846906344513943,0.8361534113485849
0.8491250799634087,0.19438607392272378
0.898906736674185,0.10575891699895157
0.8379858019601247,0.024998501598090805
0.9053852841611043,0.4688872052329969
0.2635470900265595,0.9107219291267794
0.7453036312314083,0.36554345351760376
0.5102288483107253,0.8359330775533218
0.40668375578039984,0.7463105741969862
0.5586710978363424,0.9550141737675343
0.9902521751303426,0.6107197907166613
0.7287245554788517,0.9716244277785373
0.16040284248840664,0.9079849613972443
0.017735010288166708,0.07035207412922817
0.38703152045451317,0.7289781260005078
0.3656786496429416,0.7355865565818862
0.5336101664714359,0.6801305428297557
0.8002070815498882,0.28074218602747236
0.14682999147203146,0.6588002133537644
0.5691952962875476,0.6025606399263077
0.9363765044593853,0.2226752695189521
0.29198776308160057,0.6306240865689109
0.7040576204838298,0.38485933209577616
0.22534723492619468,0.5634389369181626
0.05401535070166352,0.8111799629565728
0.728756320522769,0.8264586802747087
0.3537970650258,0.497938519424447
0.2528606628601777,0.23786096443139737
0.3473002385393801,0.6750036318755311
0.6744560338624748,0.13438607458025886
0.8486072407627846,0.3273893675262901
0.23789053139567096,0.4480597629008345
0.5503384974315786,0.08358318659074193
0.7420944793002453,0.2699882111274391
0.7998721622780409,0.2945627726149228
0.03501389661972931,0.8255670481438162
0.19971617775640405,0.31436117668844865
0.8157691604248388,0.07858114543597339
0.7471608823115319,0.6733896888380067
0.13098065676875048,0.26755187433478045
0.8495994979812117,0.5082945553564661
0.3701157387481916,0.3599517128223354
0.8601491202929362,0.7551165215464282
0.09159016619700566,0.0056449150715736085
0.032743890765903005,0.4124177496636857
0.2919634304987362,0.6797853891377494
0.6550131665581275,0.9274484808078676
0.9016733959815045,0.4141145456928831
0.37424084065438845,0.5707371254740143
0.45929990356780526,0.5013919190576793
0.7792438213659292,0.9397236625507014
0.24777308717010038,0.9875412042500655
0.3183124524229908,0.7463667404118708
0.17560888980428524,0.08752672361091607
0.8911464122903706,0.3713141270189887
0.3557094357267744,0.8805101757326911
0.057467360383064325,0.1776178460168969
0.9664673245053633,0.9153248482989741
0.8561643353778026,0.4861411665977027
0.8050423525885403,0.2400846438637253
0.24270736978969532,0.07138647556317523
0.34336461446251765,0.7204540292572099
0.656145404082066,0.32830126735796616
0.6832531436881063,0.7766749476473789
0.4234014776375129,0.7302795374141762
0.08176146933194628,0.29817606745500225
0.11864096261443358,0.5292972690903408
0.873035116776285,0.9567633378300688
0.24745553266963838,0.30592229950572336
0.23816969088868944,0.29994411306338264
0.7305287499783625,0.3140646808971007
0.22726407593314257,0.6119746695590689
0.5537575220636549,0.6258297570882142
0.22807539925299192,0.27849262779287054
0.7447800954427922,0.18321009786551323
0.8567033522486223,0.35246652873072193
0.5985853479284285,0.06305269298819371
0.6756561542423799,0.45633995009446315
0.8419445527472864,0.7901268957795344
0.5299720685166354,0.4562236164851612
0.30694185704473653,0.6566962828209901
0.3080076683022217,0.550065783375891
0.8496658123304537,0.22943035804826606
0.9875233869126677,0.02277631935841007
0.5831946892802751,0.7183244285184291
0.49558576464523674,0.7459716944381976
0.7444580320870433,0.15890842249446613
0.7363514468429454,0.5507937127283918
0.5775159103042465,0.9236783539398954
0.07963792661185265,0.9898460792873048
0.023656878899130818,0.5814381372535764
0.45576904560970355,0.8960812397477181
0.41948494843502726,0.0862329262489252
0.2514341509662642,0.4995189168762342
0.5068523350590467,0.4844396766883322
0.5199881414540057,0.7246131121932341
0.9592767879850278,0.9457637783408057
0.7425889578627273,0.45661836406668355
0.3263403038350745,0.3958262932195582
0.030494941486242877,0.4939108715815488
0.6607784218347823,0.6466808909684023
0.019238940608411692,0.25849537134515876
0.88539302870487,0.6145923991489519
0.4228470118606561,0.08144936551508541
0.02719246131980746,0.9649298424524112
0.07857887687354692,0.013222997110391321
0.4951902405093783,0.7142963667089449
0.12983601876706674,0.8053657145930297
0.21379098539356378,0.7357037493324526
0.6042474896923284,0.15427724244228358
0.45736211104381486,0.7208968289783854
0.5114133055832187,0.27621895966736254
0.06293028097053022,0.8483932920795334
0.17667826605262682,0.15569580208869804
0.5318881536518989,0.45315583727056197
0.09097695897753355,0.5443122535382836
0.8800403229350445,0.7797556461371852
0.2690080542859632,0.05578699577017476
0.39228789433080036,0.3428045206701371
0.4702310137755068,0.9355189087573916
0.9316386427133839,0.9724157033492383
0.3161670750840784,0.5247230957143921
0.027447258952103426,0.5648706352501548
0.30792527589834484,0.4889087177188388
0.5167498704548666,0.7679025409571802
0.3688084617996138,0.5708835339475725
0.5216282596919651,0.9038414964477104
0.9253523722933893,0.7820964209816539
0.4741491827284323,0.8192600514696836
0.03034682328497018,0.005094123342654355
0.1640734943177269,0.703419596578463
0.48135428470742625,0.4382714525298842
0.2071375972794386,0.6457995702554585
0.02534036244858806,0.8643150127455492
0.8793441148887472,0.5112266218595383
0.7136037360519807,0.0796050074226331
0.7172417817815185,0.710043249061234
0.7482458413370531,0.11464518810277247
0.7031552556411926,0.351322535855101
0.006394404527042097,0.36287072742186977
0.900909540399243,0.7468826459657364
0.2767744268280009,0.8233542868683776
0.915943925519454,0.157403618592874
0.004553142498901042,0.4520789994363459
0.7482489937779746,0.08620773149361771
0.641002787050509,0.4383002414162125
0.8036492203926708,0.3961247080427951
0.6253591181783557,0.9894637283281417
0.07276390648156428,0.27203324430641196
0.30111953716621165,0.19289498978792696
0.580576589520983,0.22491650080808057
0.16416483230235812,0.9967257177688833
0.91634682955078,0.3594240435889847
0.3978767163680005,0.4716524837766637
0.6073127273154579,0.7267123157387582
0.862909659923879,0.7880255032354485
0.9072133400797353,0.9978589593154167
0.9193310539603821,1.0515283720868851e-05
0.5176777229649456,0.5249959556519205
0.02257403729518026,0.6559814429031556
0.5316779001310306,0.4285255294749821
0.6264424392843405,0.8354850014228495
0.29157508922700004,0.007436297841367456
0.04736263602410773,0.9621386038529136
0.3512601320832436,0.7140775543873253
0.7325220662824058,0.19195203565448504
0.09961960929289904,0.08892908940527855
0.10866622480372101,0.39432879697853895
0.4387847196574294,0.33095952753111746
0.3729439729824282,0.05394840840147941
0.7280828886187887,0.46994705691243177
0.01787270527952467,0.7984350383479363
0.9459791405530994,0.4808038637928186
0.5890917829294584,0.11269085500399034
0.3462859562212228,0.8039812851440818
0.07933911164862617,0.8668499789312453
0.6091697209694862,0.700983944808338
0.6763861209918016,0.7214209044399975
0.7486628102680303,0.8381319445108275
0.5006548744157404,0.6252477061604829
0.3855952722610232,0.3570167117371187
0.016431695541010538,0.7233327535499783
0.7423723665346473,0.67147124020978
0.69190035917217,0.42196350349614575
0.343688009900894,0.715840213984035
0.8252840790132354,0.8062924121007722
0.5180888346426138,0.9094864241281123
0.26815446623825245,0.4669451181866461
0.4847727497543143,0.8467866530264923
0.8816237683000306,0.6297450681756528
0.18794409947655233,0.9706386342344787
0.47528094002069976,0.17203338734424045
0.4773025356385664,0.4326906475891389
0.631478118770703,0.5831907379770437
0.5428774585448595,0.6066619097041492
0.1976927207034127,0.33568849712978
0.7317950665983081,0.46000752917531873
0.7738436428897424,0.5059179216872527
0.5511265440517423,0.6073850510990858
0.31637157442864805,0.1614420444084298
0.9113763120853045,0.3393464534894125
0.08142063255674437,0.7910894319730556
0.6503415161022308,0.005323281663554891
0.9152377136003474,0.21195075114106277
0.7919574285575179,0.7247104569450833
0.6956226583536981,0.4418234896394848
0.5960373501188255,0.5278746246487145
0.5486414432257916,0.9769313064137837
0.40950323865170324,0.10975497802482181
0.9995419059463826,0.31971737772701314
0.4388117055944901,0.25136159725413
0.25217996315543123,0.31696313369455154
0.8747529939906138,0.3467386789260435
0.34194575163339846,0.647019112982095
0.8067448665468226,0.26386617016302727
0.2105775797732785,0.5819849004998734
0.7733858859407202,0.48943302744419137
0.1849394961641394,0.31092180302312467
0.7774420066510103,0.49796234478406565
0.30442420275057114,0.05362212144081435
0.23765137854334384,0.5856967099517723
0.21234382695340726,0.5782406432559958
0.4844901736050329,0.4809905721841994
0.7354628939988298,0.06521804821871025
0.26670509907996975,0.14860937639720295
0.9902095745500837,0.22232113518196528
0.5208164534046994,0.8588999928233216
0.10691293461655926,0.7594069652497955
0.948475698546834,0.018736976124723803
0.7014593613459738,0.7207480652474433
0.4663768323483901,0.8602388069738176
0.04227522864647837,0.4248312101207615
0.09660273445487788,0.22925618840004403
0.9088718868477047,0.6563252550436532
0.9636244472895351,0.9914751590815021
0.06400970849506371,0.3313359907069877
0.2702616387422013,0.7060213014636508
0.4313854377119596,0.9547424707766303
0.7039516733734298,0.7350767351073366
0.7319042852507214,0.11577436570401545
0.44352450528098697,0.31982685877623607
0.03437577203592357,0.8305921798191233
0.8379577551638794,0.1634334093939146
0.8141202123776196,0.02793515531701607
0.5640877906300013,0.6809446726060462
0.1530779153402695,0.30421599263084564
0.36192464652477974,0.9315735304165037
0.22588383272622337,0.3012705808017754
0.566890265541966,0.35048796761622913
0.6775189710662822,0.7279145804008912
0.9311830988233345,0.7308863673176906
0.9973749750028046,0.8679700577552565
0.9594722010789168,0.9046241630691325
0.2657852470200681,0.6808123946903476
0.945217301872675,0.9405083087525942
0.26762733819671436,0.2547456424598429
0.03214315964094949,0.1845655810385125
0.7478636792726694,0.4201391188155814
0.10746721190128639,0.8552951491868444
0.7885432234877447,0.9254891888597311
0.6048395541251966,0.3059233524307676
0.3062301422292255,0.5473485592905485
0.4165369888972952,0.7024241630969845
0.4658649277965261,0.9818584465087388
0.9398179095534128,0.16166082067459164
0.3632020076258916,0.390917938316932
0.5332352348929071,0.40886732039409424
0.30074427181260666,0.4133575754870078
0.3678083989464065,0.9170320209757977
0.19093660690722414,0.820067640413536
0.24272723635645876,0.46177944333062615
0.7454323097060104,0.4126662642648491
0.23678187371098225,0.690433957524204
0.6380280901733948,0.1329723792195
0.8024504941016096,0.38106859475825783
0.8834712283810365,0.14936844201247268
0.23740382930120207,0.7581571562235281
0.046853084242864496,0.7230260749121503
0.6998378478497104,0.32821119643563623
0.21613910083245824,0.7049544674672643
0.6643945923436968,0.5691966628386359
0.7050495697825204,0.15253185860265173
0.9659925223141571,0.7300515064488974
0.20869589604576655,0.9687142407673162
0.8372665043085459,0.3682912388959386
0.8946649612443438,0.7346406471075879
0.5109531932595187,0.6691590209082419
0.46850530043329874,0.12880650086760637
0.7975114384844634,0.9826653945403824
0.11059737124987712,0.8440699217786041
0.49124618446881185,0.48767565083552533
0.5622927354521199,0.3152317608043027
0.09185547184548615,0.1459732868475183
0.38146098167266274,0.7393220481377961
0.8269834847330638,0.6471483926405585
0.4707380760510127,0.563158199586731
0.006793894511873622,0.8978131131002483
0.40849138394930695,0.6563557665385651
0.674070399439334,0.9422831208216734
0.5488361551660743,0.8630203089603758
0.0003539268876722179,0.9253997113353416
0.25251606696494977,0.8319518684568832
0.13003972079512116,0.37715621183478143
0.07268353112026293,0.691547457700341
0.8610259113219983,0.903984746740372
0.28788963497318054,0.13324121856478388
0.5161351042459487,0.8759690189063496
0.5147727522951923,0.3607874794814845
0.5044662485039904,0.24005679423979753
0.0008414582984960228,0.6760933155677784
0.16868619011903718,0.09170826964909451
0.9144373878163039,0.6720664814724291
0.5360694473947799,0.8478400679673194
0.8230245628022622,0.14699830069663666
0.6415367636705515,0.8681848708064857
0.44420093661595395,0.4780144270599742
0.7879563853062148,0.21175516887277657
0.894840401057844,0.519488197042818
0.7228746821625033,0.5420584134209229
0.9752056936703549,0.040550916891737177
0.8251008040881517,0.30508404673827105
0.725614491455906,0.76651843718526
0.9910855266773235,0.050245420157587706
0.5614402235056577,0.5914851141229306
0.25944260057380586,0.6285579278370516
0.4211769612397953,0.0152576962195492
0.36368218398471286,0.4968922077799127
0.7514389047804657,0.270482747868381
0.3468166263592788,0.7770311746049307
0.5519232674001103,0.47695558004533956
0.33893449630653705,0.9236865183684613
0.21550054990286327,0.22866573066053142
0.8910258120541505,0.4278887713198981
0.5740227206555086,0.3068453539303464
0.20528580866498392,0.2499642150493253
0.45461769571260113,0.9356461679767234
0.18716254254635212,0.3951421499783414
0.4273657529347171,0.43763904367234485
0.8826384827603355,0.2230740073573375
0.8243401861690295,0.18791475392742718
0.37098902744231377,0.15458152813406734
0.18874534697488055,0.43964960724699453
0.30749677736904213,0.5946292765337452
0.6653662083210704,0.05747009654373503
0.1285794696139929,0.5697295799031207
0.8037219152736381,0.8884180104574068
0.5119424915276095,0.11622805382369517
0.046978520086027986,0.463402444838511
0.015232917882483044,0.7948726833382898
0.8777688563678845,0.16264303873087693
0.026582926386335193,0.6929794265644944
0.5950852338347407,0.03329231783667508
0.6061340709558717,0.18909490586685118
0.7862276323758169,0.15009928958027918
0.26621126121392924,0.9800030095827809
0.33594444077683383,0.600995003627738
0.6546703363307901,0.37844857335370674
0.30831608208128214,0.18779489702364993
0.526816929590062,0.7850144747697951
0.3286946755822201,0.3740289321784215
0.685846355373469,0.0837663244650021
0.58197685343373,0.002237642221123437
0.693740981883593,0.8571341740055711
0.6365224479228815,0.799487368062554
0.6183379183220806,0.5627684112860393
0.7735598598448771,0.7327457076036341
0.9022507487566482,0.44296922845911535
0.05804590919443098,0.27928842766717554
0.948053609818637,0.13555098877295346
0.9953767620705265,0.2317651750573002
0.2956063349081056,0.3834083930896639
0.7755985185243939,0.5783060128790385
0.6043143129021186,0.20086169243196084
0.8380652747430871,0.6293572307592704
0.18302315133279723,0.674739964385538
0.20710643254727212,0.4453276412050283
0.8834940457701378,0.8450794206184297
0.32190640590072195,0.7069003389163353
0.5907771291671665,0.9566824923006919
0.7430649686360092,0.38545434861987327
0.6332719599139318,0.7243614338278667
0.6364428055578013,0.749972764940046
0.29159606124850157,0.40017758871347975
0.26465674041043685,0.9293995578974124
0.4138318405019663,0.682619354826655
0.6439553663769436,0.4008599063364009
0.7733304236748922,0.9516137351966806
0.5651217139682384,0.6197175031827055
0.07535844411877624,0.2651349711379546
0.4882186650302567,0.04809327795706397
0.7649801128315317,0.14754934139479325
0.34304871095931067,0.23510835258637086
0.1956204607343579,0.7631489857463052
0.9731502584461872,0.5689767989895044
0.35147210755289837,0.46497790492020596
0.5530934982889362,0.6264853442451483
0.1752434223725443,0.03183967891617401
0.022213461704479243,0.036888300999164514
0.961538757138648,0.9578725648944937
0.7071076852224366,0.023046695925847738
0.9959722732822577,0.4714914552859759
0.8839102193717802,0.26004171394582887
0.8590385433708537,0.1137784010026186
0.6216240197244193,0.37662257636043794
0.49118167619150044,0.9606332442018455
0.7214424561839894,0.6446034833366552
0.24746401614148694,0.9468291675931226
0.941150040637963,0.6825141019118106
0.3018469862517761,0.1344039054756192
0.8600621564901312,0.44075241814846167
0.8839362742219501,0.3661509026235502
0.47828578760721074,0.092013795031468
0.12954253266643168,0.7010637312235051
0.40619157206399636,0.8918266588307657
0.6652495098139322,0.3973482990968552
0.9240414905119071,0.38157720304016784
0.06432239322573519,0.3865832197486647
0.4601333446886441,0.539498484635392
0.3279640328612585,0.6049870173042221
0.8692584187495943,0.8672962936477616
0.11607276528267141,0.3680635317995964
0.2443083405720059,0.8413058343704525
0.16952889117924874,0.8323577513176743
0.4750766206314945,0.8732905720866021
0.7282695177798334,0.9238543446903313
0.21680225446539336,0.6088314826760531
0.48434710454338437,0.8438105801370644
0.14084613438540705,0.6396687712920346
0.8207970321413212,0.00030182672707324
0.5723620477542278,0.4151882664293727
0.03820863807509289,0.6398900971909871
0.10530095091802161,0.5738095461093953
0.9532053826419045,0.36184277849737645
0.3092316884283146,0.8420943752793378
0.06299856455335118,0.506729317466593
0.518601064363707,0.6702306089892004
0.09187898165326158,0.9014982084484577
0.6215515563274913,0.1260652966779635
0.8014399267819965,0.992828794989452
0.6238251834683276,0.08382673644204486
0.6929653284695227,0.2668688634611863
0.341659422024001,0.7095623163828042
0.5676664255834455,0.3288230216785094
0.7189306516287738,0.62968425004364
0.427318683637654,0.8898318626900629
0.8987358783249495,0.557611720406954
0.37370992004568615,0.48905067569241645
0.25927054208567524,0.9127196738263754
0.5518921669346849,0.40918799689293417
0.780617307350717,0.5014715502685748
0.5339925730590749,0.7800929823467957
0.2793318174945477,0.5364655505467313
0.4510423022115061,0.29625972354465
0.40281629378488426,0.1995848580899373
0.23712964923134583,0.26895533833585894
0.8653086611998083,0.6482580619167588
0.20620433773304148,0.021242245427124606
0.9646027589979699,0.924752028946858
0.7821140123647663,0.2760492243497794
0.28478856420061194,0.037570474266646614
0.5311902507967922,0.8300616223585318
0.20694642985189626,0.10384664469680627
0.25073434626208546,0.39277598623895915
0.5102734527303917,0.4834153995940652
0.9994559663221343,0.6631594343377701
0.596648203384887,0.10942905951826043
0.21515101164006945,0.4953383542374129
0.5098847278566425,0.13709464449300812
0.7125524822256176,0.035864971695248604
0.9629964456180772,0.24372761459760883
0.7647244961938938,0.5327292312730334
0.6136270819400308,0.8128425908434068
0.8192865684085879,0.1488414371804152
0.013993405537400139,0.8340878529240299
0.8430309057530561,0.6026424241896343
0.3410114251851135,0.9399267492870669
0.803101910523045,0.7978105125858499
0.8508301508288523,0.2733442501076775
0.35033788376667463,0.18539850857707452
0.7852530401391353,0.8130550731012935
0.8481177360997981,0.41398631811419384
0.6332852639470985,0.8074243780715697
0.2682706828284862,0.8867661316669396
0.4975005804977958,0.45960208538150293
0.7412657129549032,0.8002155604973792
0.9591034658656008,0.09802610847288262
0.4724852205918285,0.046279523745588635
0.6022823208409147,0.4065735509609909
0.5282808673992399,0.523272278625604
0.04938796123083522,0.9026471954935628
0.8879340264189,0.3282325203585218
0.151444196607875,0.7672108144662961
0.7362691344696869,0.01272282556393911
0.9355664996381784,0.7990918939064264
0.3243681381542951,0.717630838851436
0.5317505701072692,0.6646019759280768
0.5940814744258306,0.30454618533891664
0.1779633698894051,0.03216868461436928
0.6930692645803883,0.31977904013648184
0.6760528761977967,0.8456572495690756
0.06584184117353009,0.980161327575256
0.565034889462331,0.42102288247091413
0.8636126267619787,0.6283837262864743
0.5970039083048166,0.07976194918412172
0.9216127784368932,0.32681478672734965
0.7643444186442956,0.760530182911496
0.779605034793966,0.4182964463334463
0.5298511062085383,0.4884249670811106
0.7537450754334201,0.5619069182911821
0.6301222976154217,0.2808184323404431
0.029691495796153156,0.6407512106098672
0.4092762371928981,0.6192666297448377
0.06012880480564009,0.54779041308336
0.8810800424421293,0.9356098498140376
0.4783138499258863,0.1914031273656983
0.8873207053252712,0.5693181914376019
0.4178909321990715,0.8776070849227153
0.7659107487226086,0.4091069614198666
0.6909902143122056,0.5388621278260185
0.15636867338932392,0.12682047945536346
0.7293218235844771,0.26604840354682247
0.9629230365951376,0.3627381609469337
0.5207092487530045,0.21088424725034682
0.5474564887153132,0.760453967865803
0.1237971390287641,0.165032261751349
0.8313691171823653,0.8606563251484012
0.09081526314103372,0.39080662393794063
0.143651240314015,0.7708355626775544
0.6176066992331262,0.32135467344231905
0.4611722887055377,0.7418296529158377
0.07144947703471505,0.9071128511750793
0.6570362995803923,0.8137199245129348
0.4181038403359232,0.12516151420372756
0.27194206061208803,0.025273498907226077
0.11733239281350616,0.43297955150576406
0.1655449988884572,0.6345278325513143
0.2588099338209603,0.6292144066866125
0.7033520100924074,0.977655385358028
0.343200325066211,0.715897278759773
0.5956686527706868,0.31965495977973013
0.7664719599677308,0.7181915104585966
0.08530136174836755,0.0525700445768138
0.18839473982721833,0.8945903968229064
0.5053989915920036,0.37412536742195823
0.9412300843646404,0.6391297983526244
0.9937716631819602,0.6960924065390993
0.2710265591032577,0.017058294958934073
0.7417407771343001,0.7264698207224961
0.8986126501844507,0.4027999424618053
0.9012360404051584,0.8989224810047611
0.09627337528713353,0.033359384636698075
0.1251087164118545,0.9325770749521528
0.4520979226965006,0.6779958205348954
0.4166046023270529,0.17368116718685989
0.028498761234700187,0.7355545853484065
0.22290336253863408,0.6837429664067434
0.955545378336819,0.7521645844832642
0.2897189256211756,0.9864907955079056
0.11968294842095784,0.5065594651636537
0.6644079320967491,0.6767644049273122
0.19589673511658556,0.11162181492890866
0.6824391583905272,0.3776850070869122
0.8369897212249974,0.42075462195534197
0.026081145517041326,0.6163995847811002
0.011284074341013639,0.07287950758728046
0.5677525865494994,0.08858415725341051
0.3924936771602243,0.06104643362163842
0.7005018811654815,0.8689961499152533
0.6742719547067676,0.9411274003659489
0.21045473506547785,0.42907201480575885
0.8782106224748608,0.21275218228142012
0.29303767021019467,0.07871728349525631
0.9128983869810876,0.12064615383712973
0.5497491420337033,0.20580613739089726
0.9222130137812552,0.001018741349200103
0.9475289453939143,0.7314325342392201
0.6046550351036113,0.027576928523296518
0.029999192196271007,0.6225053146813374
0.6485051666359285,0.32198584147841336
0.11120218303710405,0.8772606284652225
0.01857098688776193,0.2679962431946653
0.514074533544093,0.5701228889810059
0.13153050896652396,0.8850676565968951
0.38051047168469887,0.035842248234766005
0.2686882199416123,0.715245748522051
0.568549949172401,0.6942368486278057
0.4769365988859656,0.18342251502130869
0.19232918906390495,0.5215919556611058
0.189865422329633,0.9075128829118363
0.5448130909030584,0.8148306508683465
0.6151842952213611,0.6990948140278833
0.17946267619381062,0.29676568292764227
0.8479326015178336,0.07286282697918522
0.1395281917112653,0.14192609563631597
0.9995121501031401,0.297265232775036
0.39533302111030777,0.8055615907642675
0.9745611013977851,0.07367839753547312
0.14531693488776554,0.1401229540796336
0.8227496607564038,0.08047606672330976
0.5696118977653482,0.44653193008123016
0.5017459132668354,0.24625176201124543
0.4701324601126573,0.5074828543963783
0.8369594563068156,0.1311102946311048
0.2949219696089964,0.9305808497872871
0.2601727996700488,0.8585616498499767
0.8058043925791727,0.7456051244433242
0.00778109421495965,0.6412972094336665
0.2490216679978965,0.7002435705289562
0.19894409289111026,0.7094824455074591
0.1939553076675644,0.1884035801571028
0.4021210099734085,0.29749657451426814
0.7638575236862487,0.32814826130888053
0.7574892608175862,0.8195414408588643
0.6977897711722268,0.3200355458290135
0.23767342394966895,0.498432246095015
0.3374162333061099,0.19436420692946865
0.0476610715054413,0.5802183497329394
0.10794845238653483,0.2697853096075725
0.08929937602518256,0.9213142888555641
0.16424717976214365,0.2811502673511087
0.5494233096505614,0.1702879511274379
0.8999914146323521,0.8188575869142638
0.19824734873759076,0.6110815567370437
0.7571256867651255,0.35600973062132657
0.5432869252163918,0.644791887244733
0.1014803799548093,0.32040365069590016
0.2525992486418256,0.8947976472669115
0.5104894191107953,0.6901558188561089
0.32586607929220524,0.8516421226034686
0.030733764310260203,0.9456684244406621
0.9905747780654667,0.38478231917919314
0.042747500949336326,0.2554922863011163
0.527041624814205,0.6086548173617808
0.9757630392486477,0.8096875165662392
0.6119067123864768,0.5869630637455383
0.3735318836340106,0.07667795150013468
0.8680714410515994,0.5501564396250657
0.8770481912922825,0.5925258903100993
0.9486686693780021,0.4907322884756111
0.06897474837248518,0.030075187453314278
0.49159705181132385,0.3405062484874236
0.9484338748957443,0.6234625746502611
0.09967340664814517,0.15889188622805117
0.35243234143531377,0.4559940463807828
0.6627164052479189,0.18015906822713634
0.72009611441722,0.40962137711846014
0.8816579871173679,0.22845122711555566
0.649555386984868,0.12847954553623764
0.2148317535736285,0.26960760041780985
0.7849996511332115,0.5799638943203881
0.3684669711279994,0.5515787779539184
0.06885045182921756,0.9476373546502723
0.3466874828422828,0.7270670702495948
0.46545097438223826,0.26850846358866054
0.8969121376415582,0.294292683462964
0.8549435980403938,0.6771770075588827
0.6824199211768224,0.3325246330177277
0.32979795372909193,0.5643095928270153
0.2597494324021272,0.669456239761881
0.9788080015180267,0.8233913313461425
0.4491655670136009,0.5797032539233216
0.11586263971285893,0.4084605047651835
0.2505292032807602,0.7597011594217911
0.8716049096605455,0.1367057775275765
0.02747414769676415,0.5718714912298555
0.9037573944160076,0.5615240927584544
0.5977121642855668,0.1489038535264876
0.7986682443393952,0.25873385996435827
0.28705495482994026,0.8903300302673884
0.028513839055783086,0.09636668840309759
0.5859867764476716,0.07461945232752443
0.5411399242510858,0.953350349934643
0.5370484007014423,0.45867957132013704
0.6178370012564728,0.16114994441591546
0.7343030407813502,0.655132452396539
0.5390282267254365,0.8384844082092872
0.1742700302253588,0.6499633587629657
0.616527670197975,0.0697618039914204
0.901813707382383,0.9893401295240019
0.6799666167656032,0.6586789893248804
0.7741435234891291,0.2390506773908161
0.6501985234139028,0.13744523608175685
0.44273038223455063,0.7488595784225862
0.6411932166742464,0.8967394440459625
0.16579214732542458,0.17887137738651693
0.19135266191187006,0.3477424969575911
0.5273508798178407,0.08343664816047791
0.28926638753714673,0.09107089023402926
0.23230413589752152,0.5925333483075573
0.3747457485189345,0.6512675191700886
0.7718153278398537,0.038671508449788505
0.3023255206778933,0.5229173103074992
0.7422980551414177,0.316171442142835
0.6359252368142123,0.9537276773224048
0.9094866924421512,0.15513160157232564
0.45038165061055235,0.7924871774519736
0.820500525817453,0.28117669595344696
0.856925282444048,0.9630092122647139
0.6717358075388078,0.494913912489916
0.6847418725310706,0.3450501349604086
0.9193995828069544,0.32782060699924154
0.271165767526264,0.04466551998118873
0.05289908804658339,0.7387475045976815
0.9425270934497489,0.09122497111313943
0.00276088532086316,0.5731848752744139
0.6737970173703135,0.9998145211407486
0.29075785306563295,0.9907582975776211
0.5261115577908271,0.6529179097856709
0.7918640634317614,0.3334764899662679
0.4939478115083382,0.9253060867844187
0.5595013129082849,0.7612396998339955
0.8682807734985338,0.6983103590897821
0.9330145445005805,0.3079470711127571
0.5098701217589132,0.49127506106842356
0.932732054781015,0.8203706914834157
0.564307302437217,0.7541572722147656
0.8562024224115,0.8114537142830326
0.37276859477291413,0.7451078866587676
0.049787475679090254,0.15666604056617317
0.5877642199241689,0.6297033265880387
0.8831421105297131,0.19454133073439284
0.7640408464395263,0.6154481200126946
0.9295645942118493,0.10555914658562848
0.17193597642977232,0.06552278396353228
0.8180106237079181,0.6453817884656459
0.6263026492327131,0.21526082698733384
0.5218480402645789,0.6425618576910747
0.09068301476753016,0.24588682027100472
0.9427625797501434,0.831417710023574
0.9970479288617116,0.004635820800425905
0.6480579682294214,0.8097649846368699
0.3721999968164438,0.2566479985639164
0.5934641027790636,0.01911826775953329
0.07071774300422828,0.9145019575125978
0.3176258712529666,0.6714996392922358
0.6969692925649739,0.7238661072880438
0.5417701465312248,0.8591900420902863
0.7561082188287219,0.2296710636722863
0.7188863550687525,0.38216588546145436
0.9826063901307079,0.2559039399602766
0.33052060063005073,0.610755453402476
0.06673989068938191,0.9960872201097775
0.42910313493858865,0.9957627205077009
0.417540432191561,0.15570364371720657
0.6052300436755008,0.8597198181295326
0.18095594438278795,0.6309413494823002
0.3854702452367075,0.5844469835203204
0.6003753055688925,0.07108354262854943
0.7448547034913634,0.5695723157721266
0.42984395642059325,0.41431492485049526
0.602155517168788,0.9158476788621484
