0.7879530848942043,0.5783245111016236
0.6227772903791579,0.8632412543441991
0.1599506909191607,0.21917237893527652
0.653470616209897,0.9074324315925709
0.022758014806803506,0.5431964822997455
0.5880792441584141,0.940238344927559
0.9740404665959266,0.029531018508037188
0.7947580957932883,0.5667557632733696
0.06494934986766754,0.8119762484778207
0.4151028148929037,0.19887465117963699
0.7389950479384392,0.2762189295223014
0.27306887176166617,0.9064778961400803
0.6286201972119569,0.6660024993895405
0.07653242157290696,0.17792711696445362
0.40119273303767466,0.6231580798445497
0.2260469550780143,0.4460480377784478
0.44161358985649035,0.40673215137354857
0.8996439217846006,0.04207460319042944
0.8176700179288167,0.797734059706497
0.07967759670472041,0.924213835596527
0.8236729809665801,0.3602081704608867
0.7318645996621254,0.2009006250218126
0.6084100905766994,0.5176878458781315
0.9883580486396683,0.27849290887753464
0.2569258178496546,0.786862943230876
0.4046172814055744,0.9859311859118014
0.13056825443931208,0.9756065877176195
0.5611072963723434,0.5316344192377551
0.7967832802618914,0.8330030867163665
0.4980461143962893,0.824349773105606
0.9987885872901293,0.8837416023917237
0.9679285032867833,0.5889409677333111
0.5006219750802116,0.979707509606483
0.5321655752896667,0.898218072035978
0.1970282713967716,0.3553788270120348
0.9040913753476596,0.8890583544150952
0.20237812624935791,0.8471438930796404
0.2418460952185606,0.6165051977610916
0.22301174811049385,0.21215591925594923
0.6197607157201277,0.07311736133281599
0.5668944587753917,0.16020850817297938
0.5777208124382855,0.33177741369425584
0.8687275704949106,0.18823241978523075
0.3288038586208111,0.98995509270792
0.3627748557866869,0.8024024333045713
0.29628580884448896,0.7997274064454398
0.8068893377332462,0.7981994836990024
0.6272947862270885,0.40393465220443936
0.25122163299547584,0.20340454285490217
0.1582231426001799,0.03267922697336634
0.378991005592899,0.3794309675500678
0.5047808723133066,0.16283361595796586
0.8511453984030495,0.5036820431113807
0.32831862521530575,0.05278623257446946
0.144114193557207,0.014550065591437233
0.7457991995380943,0.8739766025444231
0.1832626069928892,0.6043246102679212
0.7662596786318961,0.5790568386900633
0.6801466892518245,0.8901636984664808
0.17159359008292197,0.8700026205960355
0.18585928375516947,0.4101069484030393
0.32664030265963584,0.6870296167482215
0.5041788500723728,0.25567032136917034
0.7680642774945318,0.5364571097208987
0.6798224227553353,0.4162230174074675
0.6541049242406766,0.26454270566908633
0.872637410137797,0.6165011267662419
0.6611833112447479,0.8882309456397957
0.22419140427124917,0.8046668268498653
0.6874517559512732,0.2667535626325528
0.3151748379748417,0.6313214567972776
0.7995745632053303,0.6728868330386225
0.03133221747670245,0.2887761267491463
0.9366238130805002,0.6270152162687551
0.1807423681780843,0.7033671248245535
0.5331663678286551,0.9348764815129827
0.24430472185373742,0.2490075845744657
0.6125637905486333,0.6721778068237614
0.3635000343707614,0.4126226676224828
0.0944917924092139,0.2910570305314748
0.10349720722555222,0.8591028532706516
0.3388013839451688,0.6397225719185174
0.4420663097413492,0.19858306429555772
0.30810846345004395,0.3325534691571228
0.013104375648134381,0.31777762570410906
0.4922163370924423,0.5223024857931888
0.1689896953544936,0.3657942909317975
0.5277140973771886,0.7803221694715123
0.3514663556189981,0.8613045864583855
0.881590802415884,0.7323658780207146
0.16515484646363454,0.8691756947353524
0.7870545905153175,0.5791936005017482
0.457466792613512,0.2913429636581145
0.9201353438857456,0.675699527436179
0.023100263554029055,0.275188949669564
0.3074282384449323,0.415012248934607
0.6133759254101561,0.4562867459384551
0.3721416442749088,0.6906049761304021
0.940948075968301,0.30235985226413675
0.3817457456508445,0.03489444625826077
0.22674751429733908,0.11041530589050952
0.5046613615637808,0.9951465865201711
0.4177868821606773,0.2888097625983381
0.05518596857404601,0.7606824940492924
0.07188886139537043,0.03687935308649182
0.915731044285067,0.8649490680952011
0.05851982154331603,0.4778482873188419
0.04347442541094915,0.8962459519704018
0.9605100987226597,0.4048785486370128
0.03163640643010379,0.9848233256237918
0.7576046525211881,0.04404314956232536
0.20547292190646005,0.8359079900641234
0.560734014248432,0.8277736557262553
0.7105855796453686,0.4768637490182862
0.4400310881504037,0.5089165415525791
0.9917838245730624,0.2901858607832023
0.11569184911877417,0.2159554153076917
0.8450408576117797,0.015357635410936932
0.04630925000853969,0.668741247998471
0.2948805639402031,0.9354162886392046
0.3920617993418448,0.8018217472950926
0.6977134076771027,0.14049008550758035
0.7591019672258135,0.3774651991024882
0.43347731250859456,0.6365893778242181
0.659425203506093,0.1830404815708352
0.4889503375103287,0.3771556042509172
0.06766723147431786,0.6540894981976132
0.8646872446099017,0.7485699562826545
0.01397396832895359,0.6945041234315908
0.9430198468629897,0.595666175561283
0.1742361872673136,0.4357552020747545
0.8925244391493065,0.3304551306761002
0.37542215837503756,0.8879708150768032
0.4873503667900677,0.8302918201697016
0.34683213582791306,0.9777132827540692
0.16704121004907624,0.3915613413350044
0.48761186730178674,0.8935056402099811
0.00450328849043502,0.5093278578760002
0.2223102403311441,0.1647699281442795
0.2648187967917024,0.6406704136915031
0.37395120869396326,0.5414195881560061
0.7426913813536433,0.548211538077907
0.7218621514640426,0.7493607786294144
0.3500268562967179,0.1229296485588306
0.4528647093189605,0.9100217185943099
0.7478193315932751,0.22761227778565385
0.40569065862493625,0.08445839003587452
0.4755388793312949,0.1928615697359387
0.45149410971292747,0.06351837057643905
0.4702371765536736,0.4998661214593294
0.11399752864222068,0.41482595179882786
0.7274972230436195,0.6873857240431352
0.6043287474586627,0.12023448690435545
0.21824199642062547,0.27305132677525445
0.8396310890947053,0.806453652745272
0.3646467355473214,0.6994481400073228
0.6608134343601295,0.9253213786239296
0.4927810649919847,0.4668440750731079
0.48788043373303436,0.4979987386461463
0.6579257695824948,0.8851057576718535
0.06999815705334755,0.35834641829352776
0.7135587771048242,0.7757337438064618
0.19156112147239157,0.029574064730968908
0.6643024415680627,0.9854292509864075
0.7930027716573756,0.397284101479798
0.14043616685474403,0.015749832114442475
0.8231084686784441,0.3593235435443771
0.7172531559247765,0.3334963269398503
0.10655120774072424,0.8016017492526051
0.6379067811418069,0.8956910533345717
0.007808913478818291,0.5236653634978115
0.8121523825649939,0.930903880753868
0.9620345540942037,0.6982136607574362
0.2895378900181531,0.7234171787261087
0.3560163624235022,0.12298546678360678
0.8623063543554729,0.11652617020765199
0.8896769447769026,0.5899630866142929
0.35958875297540915,0.07957072644336283
0.3739989073170409,0.2840662305714431
0.07865154159229004,0.3679939251111415
0.7567486870268659,0.8962195567697284
0.2524144779907732,0.5437067835045096
0.32298537275790096,0.12060093950611195
0.8608397576819555,0.12823344008852633
0.1019494631389184,0.14109707186335363
0.6439419794698474,0.33799082784015266
0.847375970975527,0.453730546248437
0.7015563352259615,0.09177961682492874
0.10022145099850421,0.4568360190512949
0.7489926277254826,0.985537640806404
0.18008574962227208,0.3391838243302089
0.6091674488105908,0.1358786707057974
0.8135860788622041,0.6031081328405521
0.6325975650445067,0.7155226696770035
0.18785468600780497,0.25287868585248174
0.38448090556059467,0.4252467437916916
0.951510297511574,0.9484044495251585
0.925252347011355,0.931597555893847
0.5582041421386319,0.009397421056746347
0.48046758999548345,0.41737819974782797
0.9375450469423322,0.9133283170278924
0.750848549869673,0.13553276943849812
0.43254026896048514,0.22653032202950807
0.9746394755553018,0.7263579907807631
0.6758781179874389,0.09920643785689465
0.8199382776453676,0.018699044177412527
0.3953257311565498,0.33285929989678786
0.35602729219107054,0.6031476815519291
0.25886701183049143,0.74790676058474
0.0851888502324396,0.39845253727850527
0.38767675819749325,0.07070619871976913
0.11387930471877517,0.5997774336066365
0.03840401421876216,0.6401103837359164
0.08680357060274002,0.15167642252175795
0.3827747144979148,0.08567775258162613
0.918477397853501,0.6399221069610995
0.8478378563007952,0.28219077516406454
0.728774402864445,0.3306189957301743
0.20321178249306737,0.13705268211566157
0.18554030267472033,0.5718813490432394
0.424260141615204,0.10891601883392021
0.13920797294223042,0.26120488394072483
0.5121705520313106,0.8152070782551827
0.3597731713653206,0.7674725540631282
0.6828214575705572,0.8640664803971365
0.2954335156172859,0.1977918862427578
0.37282084542230276,0.7041426371302688
0.6607233840700495,0.6538983378476247
0.1647642103197745,0.3770008952102447
0.6674538842640596,0.27647814181531205
0.03738109300437842,0.459408680527159
0.03706057669664431,0.14732976055583258
0.11431418288027462,0.39629407649230586
0.8714019697346809,0.8522129104295868
0.6988368922720642,0.31374961111094024
0.36992023977997335,0.9317065415615002
0.17813916860550427,0.7564976519673107
0.911372213417704,0.08508115337166444
0.529339739129082,0.06776686463620396
0.015252187690486863,0.36639894813659946
0.49555462960795116,0.7631015428043461
0.2869425804114021,0.047633666846976674
0.6699688239334317,0.7431987163397846
0.7083101201371903,0.4977138086243027
0.632991876541728,0.6014692086906029
0.5533740191556057,0.45286124946766415
0.7597317600056387,0.5150809277723796
0.31146795933299065,0.6591228892013131
0.6034426190342362,0.5661020690410647
0.21495807445371728,0.7090584320586109
0.6831105691469135,0.502253186852259
0.039148793163386375,0.9437912928750681
0.9853045807975128,0.6001763785342499
0.12203587377122749,0.9790401678120438
0.5073887947778387,0.6716130456496269
0.9657636306171975,0.40004556085627063
0.6796084366064545,0.10044100329090955
0.12562916075446628,0.5016973285393517
0.7238359304457506,0.020033719333903188
0.0966126701291562,0.042441209586776774
0.13495933737043764,0.4926713858433589
0.5266651529909476,0.6232580165889426
0.9457624354973957,0.5288528506609815
0.46749475412577113,0.6448331113347497
0.8758995201262295,0.21929105144208894
0.5880356319194773,0.6583790395913119
0.5408466467810485,0.35358860904374934
0.9299278226712436,0.6843335520167317
0.6553579268770348,0.4399999773050366
0.6408796516875037,0.8523323358284368
0.8992652042703255,0.6530510614900017
0.33087441258033856,0.6901617779229111
0.08916505370451733,0.9617424779182198
0.8431200409095911,0.9101139314931653
0.25407779898248495,0.295267550941526
0.16702160584312775,0.5864576972169724
0.35815959699512034,0.24680496873213176
0.7150046106410543,0.9195030218102155
0.9933765934671485,0.8402724886296797
0.4603540737238191,0.46083343994538895
0.29468510896207434,0.4909428285515849
0.28436628988715573,0.8829451692399136
0.41126405433408064,0.17040523980287026
0.7619580053604296,0.22264021385216182
0.1634913097915338,0.7572431079617347
0.9906022061047524,0.24349557489759377
0.15871664044544953,0.19717422836889587
0.6160432441100375,0.34416378952132043
0.5467147180142258,0.07287913580691185
0.9762988165294362,0.2951334133069051
0.03015047749168287,0.5135886937981162
0.7736203015186133,0.8171399864065777
0.283460978400621,0.4320165385841934
0.8239664450854898,0.4966566122538746
0.9897712035034623,0.3540090407996599
0.7715885635778461,0.19089538419249819
0.6072060575078246,0.05395168677441731
0.36394097400666314,0.7642379307038156
0.4274380916993671,0.5368668295492017
0.989379297086485,0.7625324411702689
0.5821399354286625,0.1561664522182401
0.15362776341083995,0.022321988044689323
0.8552140853502828,0.20086223360188382
0.3875870342715353,0.451153699966658
0.5738620484616472,0.08385518368511802
0.38295913088400135,0.19234759982371252
0.410194005856494,0.6561265437577302
0.42560313572183306,0.546406107397561
0.771420565843711,0.6644633662315812
0.20434223609928537,0.19807591397593594
0.903945027867663,0.4013855507385624
0.398069595529288,0.39295243333192986
0.9856602412274795,0.635979216208729
0.26875101506857857,0.47716137800066694
0.8090600535027663,0.5840638313725948
0.697418149286461,0.2292738766557446
0.9577513268234705,0.4041680888594321
0.19378261507120076,0.2788671037342936
0.8105985103383792,0.6481915656023849
0.693434237081936,0.20976473440470278
0.11186076149497914,0.38586133920028465
0.9567290888864189,0.06635949017208653
0.29919636740113575,0.46794991832452204
0.7757595569207685,0.8946570577183952
0.5122786718766715,0.9840412746932277
0.5171315090937694,0.10267111153132213
0.4409165577772607,0.07965095836976832
0.9324675026946874,0.7658166190782352
0.3260554106320518,0.6166542664027992
0.48495641134242784,0.019506844927703937
0.6475068375645154,0.6780293838897037
0.4894370894535006,0.18496953876135236
0.7177528849699181,0.3639843805060734
0.9446041072631972,0.6761216723282322
0.4083695008954309,0.1597011829017808
0.2422982280659508,0.5939778292172431
0.5263027241575885,0.3842499807339296
0.19538130783081353,0.3986731213860746
0.6301535518139444,0.6937564514802331
0.4740775528368374,0.49699859903559607
0.5669110162807277,0.8706031025144679
0.18003759891391957,0.46450193635216297
0.7714753560478145,0.05729954078777988
0.08264881958463233,0.2110323347464097
0.6736282236613587,0.37148844346570664
0.42083397976012105,0.1816349769692014
0.8323278902431878,0.9987526596611911
0.5970412664080889,0.0722547161752991
0.9917732538003802,0.7851844404405451
0.7055561033399883,0.3688066289835079
0.415718483906226,0.9712448921545397
0.24117725944682344,0.7392496010660824
0.7816740943161539,0.16834899555428362
0.32016137579346793,0.5482937172556819
0.24148615067385393,0.845629683825402
0.49321915521996673,0.5261602911425737
0.2791316654808855,0.7704552744007459
0.68929895094862,0.9290557619500902
0.6934097158657377,0.30201132308399026
0.538219931433576,0.1293408190872356
0.6019604196655207,0.5770372747046578
0.33173440940957444,0.0561937977550474
0.8831295757331481,0.6721767487367745
0.15503645573788405,0.16851600665021305
0.25044756235788335,0.607512601571956
0.20101002058091544,0.35813137967860986
0.20552777040489323,0.6241449636976828
0.2838658046058481,0.8121219937443487
0.25626633386244635,0.3998050026149479
0.6968167627734448,0.3754303523474084
0.7001915915574463,0.8998901784670533
0.24749113955119129,0.9085139568508995
0.6401008005175496,0.0821632753595557
0.858521729640788,0.9823068661533783
0.817054540643098,0.368255905699733
0.018015362982905958,0.8278202082513337
0.1259645772945036,0.4438199020813186
0.7102828339164055,0.8997182500989628
0.5261896013364635,0.2524325922435484
0.18550445175067132,0.8959513736351143
0.39053175013206587,0.5046210215829325
0.30110104168190277,0.9877834230173624
0.45700086349856894,0.19510471976189558
0.9338175260384253,0.5445773516569541
0.01089374961512446,0.5205190937428085
0.6817468031426384,0.4419454462164363
0.2515186262808121,0.731175990710877
0.05248740060947543,0.5958360585123851
0.3585795197221865,0.6391049064645185
0.10356248994375283,0.7912784046094923
0.4734417435826541,0.7164790727287553
0.22045205865763495,0.8550352906675941
0.9431966897466153,0.015562671162204555
0.6072767475618185,0.9155506265601546
0.3169401785238952,0.4952275936650222
0.2179383358450775,0.9269198213857666
0.5263730470634677,0.5882917558164967
0.571982651911354,0.6289027601606233
0.6307493317711588,0.19993080220075632
0.33888827889807716,0.8895251146353531
0.5431159572967991,0.5859096366272103
0.11099299608462876,0.3501428202838026
0.054457493179820515,0.6972033383040792
0.2151005068360735,0.05168659271493281
0.0711428330608459,0.7340699473169452
0.906667844137374,0.29000520828325016
0.03043379354696618,0.40299950563463594
0.4145349163435834,0.7891338072796986
0.851915766743192,0.8755588584124828
0.9133704594620703,0.9943304145641276
0.8323287734370738,0.12656684208103453
0.30798348630432626,0.9541543944907134
0.63584914393175,0.9613795311672668
0.028965088531577754,0.580551582722472
0.5562437744353601,0.9771145746211932
0.1390784865157566,0.09214673923838623
0.13446097309624727,0.9964649708537244
0.41065292458847114,0.3194147887910752
0.04437714918443214,0.9415619084846172
0.05602637107730113,0.5089211357337419
0.5220522099616837,0.1470116476915755
0.37844691867129365,0.8905651645065166
0.008044788517307166,0.7836990880741328
0.7300209599420813,0.2090739229924169
0.4753960410802287,0.4064112492541565
0.7573741450492933,0.8435326583772592
0.7967466544681073,0.035647337214401054
0.19274218520305797,0.41685877939432026
0.3353906956631172,0.8384984508938894
0.18764836387447204,0.8345734197026269
0.0336032834599892,0.46666235608243667
0.14831256878040766,0.14032524656811318
0.487587159628899,0.3067706930403076
0.2623435158124703,0.7629576750432714
0.5647523302297007,0.6434319569091945
0.5798096932917703,0.6618432333735521
0.5519269420097921,0.05075721030005187
0.010673967047511335,0.10542589326154939
0.6786078349025328,0.4930009185382137
0.7269647027158249,0.6410862208578603
0.5954543227098001,0.7146304996133602
0.2740987934920873,0.817077967516822
0.5795815495178583,0.2927630188301399
0.07451691989103948,0.8483641672509633
0.42872223509745544,0.8744342346629278
0.6940662874278427,0.1715693167433554
0.5574101565256772,0.6909639231618907
0.8022928263733405,0.6033250801374198
0.34052408085965546,0.30189293504149484
0.303821738529639,0.7249263168748259
0.41393234015588465,0.21783158205589748
0.1753287992113639,0.6492651705093978
0.6103798363050985,0.40931169880191576
0.48626974989248817,0.2805418334816159
0.7925312170384657,0.9376755230968828
0.0738233903685408,0.29915489568784126
0.9734154516923813,0.4073553605560347
0.4220934044633339,0.6797018012267738
0.9320636047302137,0.46532044696186947
0.785733712547534,0.9120781329992242
0.09129073963594392,0.8836855835388983
0.3277407436548023,0.6918712993362861
0.9541635609612825,0.8171245724094494
0.5428124136003548,0.08381727333539701
0.8417873792327334,0.5917638253704482
0.5029459289819721,0.4832758457808124
0.8090312322750239,0.8207239902681394
0.8581419311001104,0.6701260944699158
0.7871097961349751,0.9295925414904332
0.9605252696640073,0.7919227571835781
0.6354929811005485,0.8321469057506337
0.8328189751960534,0.174193468482437
0.3955148689122938,0.022175361283985673
0.15682455832649034,0.4496441526528815
0.25969482717869197,0.22950245596624252
0.5250902736234849,0.9355707559850873
0.8462191186374548,0.5625144251372796
0.6469327485325922,0.1356673012388202
0.9056067683471382,0.1717113416263052
0.3133114351593518,0.44478681231321315
0.42208070393433716,0.5754227910766722
0.20319553858218165,0.07104567460729394
0.7748241310784078,0.6000446833558927
0.7072095134482198,0.44735383790605665
0.22744816611398355,0.9808564784192841
0.417554269129524,0.5251750225838151
0.6770122207422236,0.7781991379646059
0.19102824272830976,0.9269573080957139
0.3275715377046515,0.48501846405497084
0.052537696605635564,0.610012421574987
0.6725689595023534,0.41034780363611034
0.8467295844043854,0.14142911479347609
0.14424574042761085,0.17608189357469928
0.7832951541089158,0.22664595392116715
0.953134974312251,0.014827942111189651
0.8531526639850074,0.4864020060831472
0.9964282996856627,0.5625290585163868
0.07643025749200194,0.39064468699912447
0.41312695820476697,0.4053053823154745
0.4270124848420135,0.2656873289331031
0.5211758323724073,0.5768483002819244
0.6544948874337932,0.19747935814909345
0.143496361941305,0.21472653633526906
0.7684560953938,0.9345329956044867
0.14169367616552875,0.6126217724636225
0.6873973957581602,0.9483505424540236
0.8183083564056589,0.20260793402052246
0.6863278182597681,0.9436318971713898
0.6367602023276463,0.26213181964329013
0.46056744682897977,0.6873307522623854
0.4326415377883711,0.48931488654804733
0.715511528492251,0.8288495962825716
0.7280640814962428,0.07959528785427283
0.7371170723292652,0.5330130778584158
0.8349704636425193,0.4483929878781643
0.43450315238079984,0.3864923950723813
0.6695041348873768,0.7365062605288957
0.594229967437557,0.9072048691089951
0.8478439994461083,0.5443169286644021
0.6648758491184339,0.2927518551014816
0.10711445167361244,0.9343289158887145
0.12427101314571565,0.9317977250222603
0.41547251745128844,0.5114623398440779
0.20793965554240512,0.11524414856070408
0.6454026353706109,0.6314016825332224
0.2734339827550255,0.42985174152468963
0.9584056950146619,0.09109609666541563
0.4364745289129054,0.7556649382706979
0.23595278629301364,0.5219797008790572
0.7388502112125128,0.32313005034907927
0.1999707807962382,0.3640974471113735
0.7977130107401919,0.6991182135614256
0.9430941056344043,0.2723756629409486
0.45119885181779373,0.8650184951411709
0.8380112395170327,0.8771670039958556
0.6467413336430557,0.0307234542615773
0.41472949727489994,0.11035416930801178
0.3319092152244727,0.8739265818141826
0.9043274519386767,0.10958705676805791
0.7254966831299449,0.5446504674576481
0.33500619716684643,0.19356296866265177
0.6121176565293576,0.014154003341421584
0.041191113572918825,0.8666483941640212
0.43409994443544464,0.6193987355678482
0.20866035984768339,0.7413548101389069
0.04812904340958957,0.14236030480919404
0.6729942851939245,0.9704862990124514
0.6741624582138176,0.3459521068881577
0.02381765091905519,0.9292503646406567
0.9737759546996598,0.24972658002205483
0.17222427133202967,0.9254009778527852
0.14661357196243585,0.5610898181893775
0.41342752339596645,0.5050279883225017
0.9962133421142277,0.45121045577672625
0.778062158361426,0.6506958848233609
0.25721711123082536,0.33309161296313805
0.9340442968637341,0.43792918455654073
0.08567029316115404,0.6962764477374949
0.9396472693546983,0.11024028708399036
0.8863809281673464,0.4924935722784428
0.8523765750917792,0.6500742058932849
0.7208476568208683,0.7336104459979353
0.05879836259925386,0.9151001138770191
0.038257147833124616,0.8371876593006088
0.5929861308612163,0.39834427922396376
0.35727456102795796,0.6802538397541896
0.5744422654676274,0.9191368036515091
0.9847823711158169,0.6515915982279624
0.1653458044668913,0.38656652874060116
0.8679292641869685,0.13902612435614903
0.4529128404471615,0.9201483825588007
0.8053272501896911,0.30193571638249517
0.7380891256786586,0.7065107509831478
0.927730562959714,0.28604620396140124
0.5793579096064416,0.9496395203766648
0.997051849612542,0.7930254259054496
0.16944427007614904,0.13060088328453978
0.944020430351545,0.4641299872143717
0.46619125920893845,0.43327391050506336
0.5726967924527273,0.23993596972292675
0.13929579959782257,0.6716349997783311
0.3300034306868994,0.6528796829143314
0.28918693354527025,0.42905074430854384
0.7775953963283847,0.0030246603673058647
0.0936737156034042,0.5248667395588793
0.09068591595602926,0.08462720942260793
0.44535016324492616,0.3723182830497044
0.9991615244159364,0.3511089618537644
0.639814515372518,0.5809165245810156
0.9616501915814634,0.6481585264290614
0.3315777508798208,0.7667785142445328
0.9169830679799692,0.45456942845401305
0.5917546378294662,0.34059891159122835
0.4674336238432826,0.05355959706296676
0.20980050310007803,0.3838406686797662
0.49440631959516623,0.6751551023803016
0.9677998456664059,0.09970225195295834
0.22241112707559985,0.24867150878634403
0.34736405196510245,0.13415994377514373
0.3004056733028053,0.20727326636865417
0.8324210256005005,0.015480795932510727
0.15621684434577365,0.36384380053761023
0.5602492858721265,0.6170087160106046
0.5671632096367211,0.984395246728559
0.6255308001536088,0.6778804274607715
0.24007219034066585,0.3507139979916527
0.4867434544839936,0.04401415788424934
0.17801074280834384,0.4542995118499418
0.4526768436919516,0.4021341837242389
0.23981988490731987,0.4914348709386246
0.8346158388770462,0.12959735161815755
0.7943340759262373,0.5901384169167538
0.8487220725971462,0.4461058178305939
0.49888579720303594,0.5320827990914289
0.8798743563367616,0.3334331812363055
0.19799997766164312,0.26056763267982186
0.06522331851297447,0.6275430400290241
0.12317765581925266,0.06874956203455163
0.9543706251386278,0.7800877899482214
0.2943326165757242,0.859116094477711
0.48902899665814936,0.08974716642720737
0.7192095254914063,0.07754438228687066
0.1081894193298385,0.536260902448264
0.40281169080539125,0.15201627627843162
0.8641532356028943,0.4059504622469551
0.006692399091680623,0.17648267745052137
0.8554112714540758,0.43613263218040055
0.8628983819778333,0.709821664964394
0.02568174840397408,0.3226464256109769
0.7060337265015072,0.539719574901065
0.17077581706119394,0.8276178690976363
0.8488658916953601,0.3063627532012312
0.7620948261537628,0.17832916081184647
0.35968295796590655,0.6704440824121236
0.44091790194528024,0.6501429480192993
0.42026823179037365,0.9435103536249198
0.3869706402506512,0.42334701720454715
0.2427750498811273,0.9492555870862583
0.6742373573737074,0.9881425697023586
0.5347825592972643,0.7348764581659991
0.9751537635311118,0.7336374162877543
0.7199218133124328,0.6388529932634075
0.009717774723998263,0.8254008402484226
0.4684089625692779,0.9178744378847611
0.2018125167623258,0.4401952666809331
0.2710433590796897,0.5183854589131763
0.22650789902085833,0.4007586829981472
0.9532459834593456,0.46842403972938995
0.4219470172039883,0.6688877678631945
0.657983517282774,0.7632020821435151
0.8703699381276628,0.27792155406830965
0.42629678281865746,0.7036943029576188
0.3668412009576909,0.14299628967059186
0.41392095896494707,0.30110456887287584
0.21733655691163944,0.491185744920258
0.6329611565301256,0.06506560661563032
0.3847691218040913,0.42751779643793053
0.8452228955411388,0.12047198565083295
0.3723421756407962,0.6447430924723985
0.6817212190735162,0.4188544217849659
0.5894691655460266,0.42747178249645634
0.22885237001063807,0.6234168358105436
0.7765539405028022,0.29770264716810413
0.09423111644702287,0.2234727867475984
0.9624848044671384,0.6338090705993115
0.23650144208700552,0.22138161418792834
0.7516907732776361,0.8519960941624224
0.43349604736731107,0.10592855292719772
0.6404835904674278,0.6344287029106305
0.4932566907529443,0.8943187359870488
0.4883346731880518,0.7439074333054455
0.6899977559612941,0.7691531464037299
0.879541416360071,0.3040964818659512
0.5346468437866387,0.8712911633963536
0.9021212501228986,0.5231766301692147
0.7740021801397746,0.06766745575412181
0.9943487787338293,0.6920409229662667
0.39302974772400856,0.3585669702752231
0.2709473439851512,0.3728873171608065
0.23799709900184318,0.15140445356677235
0.36206206126561147,0.3342846280515416
0.15328700836980214,0.24524213469175393
0.6664944861798013,0.40980539158700724
0.0989597138827285,0.15757269552468656
0.6036441889140955,0.19862836528767291
0.8125247336475432,0.27152056083888265
0.7296408910660287,0.7210641943898264
0.5507424459007,0.9272166863775412
0.5078246633261311,0.20935767812619488
0.38094628121731766,0.9655997857239266
0.7400190410042042,0.3042212926513398
0.21298101662125157,0.3332349038932504
0.11137371731469348,0.9509654596933961
0.5579649070713562,0.43327161008198867
0.8598648193976389,0.4720823702443565
0.8883596316406902,0.11671867097598332
0.8281296134536915,0.746006039227256
0.6362160892596848,0.39148282886206753
0.6141311350161701,0.6332724752611684
0.5541109222845826,0.6446029676309383
0.36378541310810897,0.4834440881753599
0.2596982116480687,0.373668926295202
0.0905269851249273,0.6100701728147799
0.0625555962992147,0.16465917145759035
0.1136323968779035,0.7342566685138759
0.95226647704244,0.43710184085577897
0.2827141083427922,0.36536873661605906
0.7708373623522538,0.43480620365026257
0.3093436346564429,0.8814056643294763
0.4976803244731325,0.24077903781021426
0.07525499751241016,0.5444532654946229
0.004628457366262495,0.7301789448014042
0.9786060678625195,0.23553394834381136
0.6078804818614926,0.21923896846422886
0.07684207227146644,0.6145945469725289
0.8463012126053466,0.9282643977954522
0.1384423946938801,0.9079899790112765
0.2109311504815361,0.9353818372569317
0.9775039056293003,0.3777147353592569
0.58968226750033,0.9295632402059969
0.2584255139296142,0.5898071655214695
0.6390742695692666,0.052065801368084474
0.4872917524764744,0.25914527261909415
0.028476229238381112,0.46278513004422006
0.9648260878095929,0.6544982969236002
0.0039020828517014605,0.8467924567491916
0.23334107413864758,0.8731225234247756
0.1697329415134008,0.8770471596289281
0.4319797189233513,0.41487542192543114
0.7596379430168247,0.37256944777372614
0.8768445391126852,0.7975466271300982
0.5983859031056352,0.8467592135740434
0.39805664853251843,0.9040864502311519
0.06198329091408783,0.49983379271913153
0.30189245409340815,0.972667263589157
0.43304828115496363,0.2797074027292197
0.7835403014696621,0.5339295499256717
0.24059550542496844,0.10443377002950671
0.1910378859021229,0.13742817120141204
0.546749421287738,0.6281576865833683
0.10554681046314374,0.4206656421720354
0.8992303124231278,0.3284279808073104
0.6974000308780262,0.2358305141677569
0.6305522360944089,0.016072241960732314
0.3454378631789674,0.9257838695741545
0.23111346123602405,0.8835613960206591
0.11764146423419797,0.9788491024416386
0.8054560545496281,0.9529926535854717
0.7598626935318371,0.9148581665198519
0.6988787000891672,0.45580816148354375
0.0026849022575623493,0.6345121787452869
0.576101337280123,0.8180984153186068
0.15979014818418802,0.9514237098613633
0.5576482262144103,0.3329356499153634
0.8148322472831102,0.3667530588764134
0.9759653009939138,0.9754611650330454
0.6751139983053877,0.06523789090420629
0.30730124819047955,0.7991502298447509
0.3429211835429794,0.1713381639908178
0.5032248763455873,0.6406734141457322
0.9205796500566097,0.23530375425743077
0.9592354715951122,0.9139496768774892
0.18471061810352385,0.39837937693499437
0.19034712450370173,0.6821273203423006
0.7345093623751836,0.2677544800881382
0.5000069704573343,0.4578105104267014
0.14666861598482295,0.8312769914214471
0.023981605347986323,0.08385827097252097
0.7602457904800674,0.7162459045630205
0.16473567708433767,0.6360769685789369
0.07264480261976702,0.7433836542634008
0.7388394324108007,0.7763795032033592
0.45891721619699466,0.7055536849936472
0.3920787880364274,0.5915546713723845
0.4097939636687734,0.8184908034767983
0.7424527165617677,0.9513693069743809
0.7110707872825417,0.6407759736840175
0.0297490742799017,0.8011590841820452
0.7060720351252264,0.39776392349071843
0.20773602612744413,0.034136076860204256
0.5866969084383555,0.8250369318086315
0.011740487085955986,0.5918898181629235
0.29727883157348167,0.4171478179523489
0.9649527288684643,0.764793078352261
0.8410072040128985,0.25433974973509965
0.5318107831912688,0.8429030716521008
0.11136568966770888,0.5810983273792897
0.440638111053248,0.654557065406615
0.43354024065783514,0.32060435269848375
0.7726951115489853,0.9410684585888011
0.20062869797376903,0.6686515617909298
0.07098313061314665,0.49638386260076195
0.41484012199832954,0.4787651434633523
0.4792809801177249,0.5534784788052157
0.8778107012379054,0.8892862665526476
0.32440984714902876,0.5218604754061802
0.17773098593164882,0.48597058132520266
0.10058313666499386,0.24830231564069305
0.3393105892909497,0.12634559259395473
0.8092296805499266,0.6980187797933226
0.81764099247703,0.1891765064714882
0.8123355265082437,0.30873867037676217
0.3616833034157545,0.36859868783484784
0.6672497338916662,0.26608401486222966
0.36474009282194975,0.5709994135157691
0.5906990727370718,0.04194738340045645
0.686253005794138,0.33305341248409126
0.48521895456744535,0.24541629796607323
0.8331524937468036,0.6431385248549619
0.4360199885945142,0.7635402814236217
0.9996764343509019,0.37246344680352494
0.031009391621889315,0.30060814310345896
0.2153095328796505,0.25878882987656115
0.6730833703505321,0.5949729904688732
0.25247414302378457,0.9688768151233427
0.8400427075590281,0.8250383079773665
0.40357384983008515,0.0667633457764415
0.4817164104948979,0.0918412164346184
0.9377624920267166,0.03428360002003561
0.832045170728119,0.9229033912919511
0.6007568338811797,0.6393341714571541
0.3239529046727533,0.32799224092015955
0.3308375649852544,0.6868967885692726
0.05776803425189003,0.027152183876809732
0.265398783384064,0.14043357313789873
0.8787675772561822,0.3327899784072188
0.2663160965548199,0.1178979789761605
0.6639741070245477,0.3652813383313579
0.28910623310787875,0.5837697396082644
0.7725222189781972,0.42643555068251715
0.37005519743064275,0.33691572051463303
0.6673285085766347,0.839508267397719
0.8591355482920907,0.4206430240099336
0.6167920681665382,0.22905624881975162
0.38416638721946617,0.4783900225013681
0.50898338716925,0.4638015715431667
0.9325296481414345,0.8582593690348502
0.5969543674791362,0.48234427601749685
0.15254741927014392,0.4198127635080261
0.6242320707266371,0.023359914267401805
0.6467690547258227,0.3407301393476594
0.053644729890110376,0.9775810618080055
0.8234625512854903,0.4045776305173717
0.9157908355341109,0.40137855128067734
0.6646399734814297,0.6274478315834107
0.0018597609020470918,0.8346797108760482
0.42116311940057893,0.5067365890031439
0.7244519096937933,0.936024229883273
0.47904657951382845,0.13498310620755727
0.12595891303474382,0.9145670960809646
0.5891784726669873,0.8250392712312357
0.6844075878502023,0.3036140116020466
0.36580251650216067,0.11904328745080373
0.7195794984228656,0.9215858311695652
0.8229703204535744,0.4615599940745261
0.20113736584365793,0.814215384231911
0.09968089583611761,0.07093313641476562
0.24404810573993108,0.8080405383406212
0.799209860674893,0.9522833877959226
0.9073340135194937,0.6731122723307907
0.16166635253445005,0.8526879206224852
0.792451354418316,0.07463191676238834
0.5140629999683323,0.7223913884957709
0.5167089619048337,0.03516258894254287
0.6491590794102063,0.4984425462165345
0.07995900252390786,0.7177578220041214
0.6062054231220844,0.7684818044453462
0.8682848107895063,0.9089529004533541
0.9203984849521535,0.24881585994213629
0.8565078987247308,0.23209854848688138
0.22715564291526424,0.9294746988729599
0.6011289091602949,0.9513910531038474
0.5310766642899539,0.2883554653094875
0.013525834958054705,0.736951207067582
0.40461530490592756,0.2900709384467628
0.3518233750750014,0.0066619755611873055
0.9040063566716097,0.02085614151238624
0.017486588688289117,0.634559430968512
0.1337339572614592,0.9543696198313577
0.27156266224498127,0.7170547826616858
0.23406499438759554,0.17413512315179214
0.07081083626683715,0.6425890709190764
0.017199721540810176,0.769929139890153
0.8192574612554359,0.8774472866598548
0.1343535894225587,0.20216794934097626
0.8552246307609561,0.34365758083077647
0.3837960223742879,0.20421916832078524
0.4582820484061253,0.24209906279404503
0.35469296556630925,0.5228254507643053
0.7792813651042206,0.21529945878157586
0.015519169622390527,0.6211896888308881
0.7350891452675157,0.3255380556208489
0.21496965874643692,0.9527359775585117
0.0931813321579531,0.045583814271313416
0.4630184893123833,0.3083630460020259
0.6038565830278682,0.8090485556777217
0.8693110687501522,0.5970217814334899
0.9335270816769651,0.3702600467381908
0.8791742239115578,0.02201285872660741
0.2957893368170661,0.666816501675804
0.0954935756578349,0.8230737116488364
0.9386736433380287,0.4426226830740272
0.11102808635386219,0.6633046856266136
0.28863978291627945,0.3294049222514036
0.3895506976179829,0.1409111174061728
0.0346039613967396,0.9800110246032543
0.5209873835281217,0.8372882542938855
0.3192826344465859,0.2224907341336675
0.9399657734664637,0.21369077526476377
0.8113906637137436,0.9202288157825812
0.7840724971945489,0.5674433780662181
0.41225493285946513,0.6700831941927432
0.3327869362589275,0.5490886292525177
0.3768010038691658,0.28566479933812927
0.42176100173352815,0.7568443550380463
0.9758541039632196,0.7890715317726044
0.7568084747141193,0.17242596872704619
0.8358113457954792,0.3746035955758057
0.7037003807653655,0.3272306789398133
0.33242333229682874,0.2735524241499929
0.20387259411258885,0.10761460716703897
0.6842821941373517,0.7444911557585018
0.6478526102075995,0.8795531054082407
0.10664533297454526,0.19821296273823974
0.019808559002123527,0.8131964043768448
0.3655561015661548,0.32722863841345484
0.69182422433352,0.9804410668484829
0.8433233320869069,0.6948442641277438
0.4934555319528863,0.42416014340066865
0.6675773420964942,0.5618643204271885
0.5833230238675834,0.7018386914671242
0.45716004224394446,0.7855017089556371
0.22226561786272336,0.2659241481457604
0.8453079242936256,0.07839970248667871
0.24313395901830737,0.21467450557246093
0.4228429146980659,0.0023359523812140903
0.022407658964792354,0.6709742558720253
0.056583497672262006,0.25477951818122624
0.5182854700554779,0.15276286165591868
0.39799544167700296,0.5393752724504751
0.09256328118514678,0.799504958523404
0.7950933017998515,0.38335324953155314
0.4976678717249763,0.020635881490018937
0.369243755759057,0.6785953488159262
0.10304612467250396,0.7637715020994289
0.4342193236853966,0.37671065263243464
0.9363457898619891,0.25104585786045486
0.9138891115578414,0.12612994620401097
0.15504120049211367,0.6847115475487301
0.2254124974330327,0.9366110371263617
0.9356971047812819,0.9837524073390279
0.37165127783347474,0.4107350297449134
0.57995781548394,0.6703008257514491
0.9241632968830856,0.2640074604708197
0.2394034825629171,0.7573199206270005
0.018124671067915377,0.19854665103833824
0.7864210014422346,0.16744875915351287
0.09942316451971434,0.280359307725324
0.6187882266440614,0.018704870779765015
0.671911250397013,0.16506461015940754
0.21093912957208516,0.20892150985885438
0.019763834801287516,0.6269304148380158
0.6382458148136315,0.06996748170979028
0.734753307491111,0.6583464423399729
0.14415557835849135,0.2054913867238013
0.8385104869718135,0.9030312424514547
0.4224260130388481,0.927863016823138
0.224750299142495,0.8768944378955832
0.5947272090436799,0.5366805928893164
0.738325174087424,0.38603282400124106
0.999053825487876,0.36289527680913103
0.5672490182838446,0.9547541246513713
0.6268077843808906,0.9956033634740559
0.21442381874187844,0.9482202020303201
0.8997158888518246,0.11407927662183093
0.22747618856588114,0.7284770618253239
0.19983726894694454,0.05282854560075312
0.8494576047428619,0.19403881839444037
0.5783246619214399,0.30556163748028997
0.7684131011473807,0.9499881849974755
0.9227144644594684,0.03995566706010034
0.6980627462704251,0.9370854674542863
0.8052291342432814,0.4856507286867743
0.8855497593855601,0.9513592738232755
0.9406261124358509,0.19556988169374523
0.17626193722121097,0.6796836114686752
0.230324797272756,0.04795785323707524
0.869819415551486,0.11752959235064597
0.4104459615207411,0.7389260121903529
0.8676940246576929,0.844975347357451
0.10603929805288248,0.3307686561194739
0.6248390735271568,0.13663829223543567
0.6105758624386797,0.04932119061451601
0.6525189431183224,0.6599782922139855
0.9686572867798127,0.005041166536534192
0.357161905225856,0.28602958358604125
0.32635727516497837,0.48735192721803844
0.11893845556118976,0.8827615944984917
0.9051029420812875,0.004431709677364837
0.4993812519342473,0.6260172263296258
